0 0.250002
0.1 0.250219
0.2 0.250458
0.3 0.250722
0.4 0.251013
0.5 0.251333
0.6 0.251684
0.7 0.252069
0.8 0.25249
0.9 0.252948
1 0.253446
1.1 0.253985
1.2 0.254566
1.3 0.255188
1.4 0.255853
1.5 0.256559
1.6 0.257303
1.7 0.258083
1.8 0.258893
1.9 0.259728
2 0.260581
2.1 0.261443
2.2 0.262304
2.3 0.263152
2.4 0.263977
2.5 0.264764
2.6 0.265501
2.7 0.266174
2.8 0.26677
2.9 0.267278
3 0.267687
3.1 0.267988
3.2 0.268175
3.3 0.268243
3.4 0.268191
3.5 0.26802
3.6 0.267734
3.7 0.26734
3.8 0.266845
3.9 0.26626
4 0.265596
4.1 0.264867
4.2 0.264086
4.3 0.263266
4.4 0.26242
4.5 0.26156
4.6 0.260698
4.7 0.259843
4.8 0.259005
4.9 0.258191
5 0.257407
5.1 0.256658
5.2 0.255947
5.3 0.255276
5.4 0.254648
5.5 0.254061
5.6 0.253517
5.7 0.253013
5.8 0.25255
5.9 0.252124
6 0.251734
6.1 0.251378
6.2 0.251054
6.3 0.25076
6.4 0.250492
6.5 0.25025
6.6 0.25003
6.7 0.249832
6.8 0.249652
6.9 0.249491
7 0.249344
7.1 0.249213
7.2 0.249094
7.3 0.248987
7.4 0.24889
7.5 0.248803
7.6 0.248724
7.7 0.248653
7.8 0.248589
7.9 0.248531
8 0.248479
8.1 0.248432
8.2 0.248389
8.3 0.24835
8.4 0.248315
8.5 0.248284
8.6 0.248255
8.7 0.248229
8.8 0.248205
8.9 0.248184
9 0.248164
9.1 0.248146
9.2 0.24813
9.3 0.248115
9.4 0.248102
9.5 0.248089
9.6 0.248078
9.7 0.248068
9.8 0.248059
9.9 0.24805
10 0.248042
10.1 0.248035
10.2 0.248028
10.3 0.248022
10.4 0.248017
10.5 0.248011
10.6 0.248007
10.7 0.248002
10.8 0.247998
10.9 0.247995
11 0.247991
11.1 0.247988
11.2 0.247985
11.3 0.247982
11.4 0.24798
11.5 0.247977
11.6 0.247975
11.7 0.247973
11.8 0.247971
11.9 0.24797
12 0.247968
12.1 0.247967
12.2 0.247965
12.3 0.247964
12.4 0.247963
12.5 0.247962
12.6 0.247961
12.7 0.24796
12.8 0.247959
12.9 0.247958
13 0.247957
13.1 0.247956
13.2 0.247956
13.3 0.247955
13.4 0.247954
13.5 0.247954
13.6 0.247953
13.7 0.247953
13.8 0.247952
13.9 0.247952
14 0.247951
14.1 0.247951
14.2 0.247951
14.3 0.24795
14.4 0.24795
14.5 0.24795
14.6 0.247949
14.7 0.247949
14.8 0.247949
14.9 0.247949
15 0.247948
15.1 0.247948
15.2 0.247948
15.3 0.247948
15.4 0.247948
15.5 0.247947
15.6 0.247947
15.7 0.247947
15.8 0.247947
15.9 0.247947
16 0.247947
16.1 0.247946
16.2 0.247946
16.3 0.247946
16.4 0.247946
16.5 0.247946
16.6 0.247946
16.7 0.247946
16.8 0.247946
16.9 0.247946
17 0.247946
17.1 0.247946
17.2 0.247945
17.3 0.247945
17.4 0.247945
17.5 0.247945
17.6 0.247945
17.7 0.247945
17.8 0.247945
17.9 0.247945
18 0.247945
18.1 0.247945
18.2 0.247945
18.3 0.247945
18.4 0.247945
18.5 0.247945
18.6 0.247945
18.7 0.247945
18.8 0.247945
18.9 0.247945
19 0.247945
19.1 0.247945
19.2 0.247945
19.3 0.247945
19.4 0.247944
19.5 0.247944
19.6 0.247944
19.7 0.247944
19.8 0.247944
19.9 0.247944
20 0.247944
20.1 0.247944
20.2 0.247944
20.3 0.247944
20.4 0.247944
20.5 0.247944
20.6 0.247944
20.7 0.247944
20.8 0.247944
20.9 0.247944
21 0.247944
21.1 0.247944
21.2 0.247944
21.3 0.247944
21.4 0.247944
21.5 0.247944
21.6 0.247944
21.7 0.247944
21.8 0.247944
21.9 0.247944
22 0.247944
22.1 0.247944
22.2 0.247944
22.3 0.247944
22.4 0.247944
22.5 0.247944
22.6 0.247944
22.7 0.247944
22.8 0.247944
22.9 0.247944
23 0.247944
23.1 0.247944
23.2 0.247944
23.3 0.247944
23.4 0.247944
23.5 0.247944
23.6 0.247944
23.7 0.247944
23.8 0.247944
23.9 0.247944
24 0.247944
24.1 0.247944
24.2 0.247944
24.3 0.247944
24.4 0.247944
24.5 0.247944
24.6 0.247944
24.7 0.247944
24.8 0.247944
24.9 0.247944
25 0.247944
25.1 0.247944
25.2 0.247944
25.3 0.247944
25.4 0.247944
25.5 0.247944
25.6 0.247944
25.7 0.247944
25.8 0.247944
25.9 0.247944
26 0.247944
26.1 0.247944
26.2 0.247944
26.3 0.247944
26.4 0.247944
26.5 0.247944
26.6 0.247944
26.7 0.247944
26.8 0.247944
26.9 0.247944
27 0.247944
27.1 0.247944
27.2 0.247944
27.3 0.247944
27.4 0.247944
27.5 0.247944
27.6 0.247944
27.7 0.247944
27.8 0.247944
27.9 0.247944
28 0.247944
28.1 0.247944
28.2 0.247945
28.3 0.247945
28.4 0.247945
28.5 0.247945
28.6 0.247945
28.7 0.247945
28.8 0.247945
28.9 0.247945
29 0.247945
29.1 0.247945
29.2 0.247945
29.3 0.247945
29.4 0.247945
29.5 0.247945
29.6 0.247945
29.7 0.247945
29.8 0.247945
29.9 0.247945
30 0.247945
30.1 0.247945
30.2 0.247945
30.3 0.247945
30.4 0.247945
30.5 0.247945
30.6 0.247946
30.7 0.247946
30.8 0.247946
30.9 0.247946
31 0.247946
31.1 0.247946
31.2 0.247946
31.3 0.247946
31.4 0.247946
31.5 0.247946
31.6 0.247946
31.7 0.247946
31.8 0.247947
31.9 0.247947
32 0.247947
32.1 0.247947
32.2 0.247947
32.3 0.247947
32.4 0.247947
32.5 0.247948
32.6 0.247948
32.7 0.247948
32.8 0.247948
32.9 0.247948
33 0.247948
33.1 0.247949
33.2 0.247949
33.3 0.247949
33.4 0.247949
33.5 0.247949
33.6 0.24795
33.7 0.24795
33.8 0.24795
33.9 0.24795
34 0.247951
34.1 0.247951
34.2 0.247951
34.3 0.247952
34.4 0.247952
34.5 0.247952
34.6 0.247953
34.7 0.247953
34.8 0.247954
34.9 0.247954
35 0.247954
35.1 0.247955
35.2 0.247955
35.3 0.247956
35.4 0.247956
35.5 0.247957
35.6 0.247958
35.7 0.247958
35.8 0.247959
35.9 0.247959
36 0.24796
36.1 0.247961
36.2 0.247962
36.3 0.247962
36.4 0.247963
36.5 0.247964
36.6 0.247965
36.7 0.247966
36.8 0.247967
36.9 0.247968
37 0.247969
37.1 0.24797
37.2 0.247971
37.3 0.247972
37.4 0.247973
37.5 0.247975
37.6 0.247976
37.7 0.247977
37.8 0.247979
37.9 0.24798
38 0.247981
38.1 0.247983
38.2 0.247984
38.3 0.247986
38.4 0.247988
38.5 0.247989
38.6 0.247991
38.7 0.247993
38.8 0.247995
38.9 0.247996
39 0.247998
39.1 0.248
39.2 0.248002
39.3 0.248004
39.4 0.248006
39.5 0.248008
39.6 0.24801
39.7 0.248012
39.8 0.248014
39.9 0.248016
40 0.248018
40.1 0.24802
40.2 0.248022
40.3 0.248024
40.4 0.248026
40.5 0.248028
40.6 0.24803
40.7 0.248032
40.8 0.248034
40.9 0.248036
41 0.248037
41.1 0.248039
41.2 0.248041
41.3 0.248042
41.4 0.248043
41.5 0.248045
41.6 0.248046
41.7 0.248047
41.8 0.248048
41.9 0.248049
42 0.24805
42.1 0.24805
42.2 0.248051
42.3 0.248051
42.4 0.248051
42.5 0.248051
42.6 0.248051
42.7 0.248051
42.8 0.248051
42.9 0.24805
43 0.24805
43.1 0.248049
43.2 0.248048
43.3 0.248047
43.4 0.248046
43.5 0.248045
43.6 0.248044
43.7 0.248042
43.8 0.248041
43.9 0.248039
44 0.248038
44.1 0.248036
44.2 0.248034
44.3 0.248033
44.4 0.248031
44.5 0.248029
44.6 0.248027
44.7 0.248025
44.8 0.248023
44.9 0.248021
45 0.248019
45.1 0.248017
45.2 0.248015
45.3 0.248013
45.4 0.248011
45.5 0.248009
45.6 0.248007
45.7 0.248005
45.8 0.248003
45.9 0.248001
46 0.247999
46.1 0.247997
46.2 0.247995
46.3 0.247993
46.4 0.247991
46.5 0.24799
46.6 0.247988
46.7 0.247986
46.8 0.247985
46.9 0.247983
47 0.247982
47.1 0.24798
47.2 0.247979
47.3 0.247978
47.4 0.247976
47.5 0.247975
47.6 0.247974
47.7 0.247972
47.8 0.247971
47.9 0.24797
48 0.247969
48.1 0.247968
48.2 0.247967
48.3 0.247966
48.4 0.247965
48.5 0.247964
48.6 0.247963
48.7 0.247963
48.8 0.247962
48.9 0.247961
49 0.24796
49.1 0.24796
49.2 0.247959
49.3 0.247958
49.4 0.247958
49.5 0.247957
49.6 0.247957
49.7 0.247956
49.8 0.247955
49.9 0.247955
50 0.247955
