0 0 8.5005 11.5 10 0.500002 -2.05691e-06 0
0 1 11.4995 8.5 10 -0.500002 2.05691e-06 0
0.1 0 8.55051 11.5 10 0.500218 -0.000222236 0
0.1 1 11.4495 8.50001 10 -0.500218 0.000222236 0
0.2 0 8.60054 11.5 10 0.500457 -0.000473813 0
0.2 1 11.3995 8.50005 10 -0.500457 0.000473813 0
0.3 0 8.6506 11.4999 10 0.500721 -0.000761232 0
0.3 1 11.3494 8.50011 10 -0.500721 0.000761232 0
0.4 0 8.70069 11.4998 10 0.50101 -0.0010895 0
0.4 1 11.2993 8.5002 10 -0.50101 0.0010895 0
0.5 0 8.75081 11.4997 10 0.501329 -0.00146426 0
0.5 1 11.2492 8.50033 10 -0.501329 0.00146426 0
0.6 0 8.80096 11.4995 10 0.501678 -0.00189182 0
0.6 1 11.199 8.50049 10 -0.501678 0.00189182 0
0.7 0 8.85114 11.4993 10 0.502059 -0.0023792 0
0.7 1 11.1489 8.50071 10 -0.502059 0.0023792 0
0.8 0 8.90137 11.499 10 0.502475 -0.00293418 0
0.8 1 11.0986 8.50097 10 -0.502475 0.00293418 0
0.9 0 8.95164 11.4987 10 0.502927 -0.00356531 0
0.9 1 11.0484 8.5013 10 -0.502927 0.00356531 0
1 0 9.00196 11.4983 10 0.503416 -0.00428191 0
1 1 10.998 8.50169 10 -0.503416 0.00428191 0
1.1 0 9.05233 11.4978 10 0.503943 -0.00509409 0
1.1 1 10.9477 8.50216 10 -0.503943 0.00509409 0
1.2 0 9.10275 11.4973 10 0.504509 -0.00601266 0
1.2 1 10.8973 8.50271 10 -0.504509 0.00601266 0
1.3 0 9.15323 11.4966 10 0.505113 -0.00704904 0
1.3 1 10.8468 8.50337 10 -0.505113 0.00704904 0
1.4 0 9.20377 11.4959 10 0.505753 -0.00821517 0
1.4 1 10.7962 8.50413 10 -0.505753 0.00821517 0
1.5 0 9.25438 11.495 10 0.506427 -0.00952329 0
1.5 1 10.7456 8.50501 10 -0.506427 0.00952329 0
1.6 0 9.30506 11.494 10 0.507132 -0.0109857 0
1.6 1 10.6949 8.50604 10 -0.507132 0.0109857 0
1.7 0 9.35581 11.4928 10 0.507862 -0.0126146 0
1.7 1 10.6442 8.50722 10 -0.507862 0.0126146 0
1.8 0 9.40663 11.4914 10 0.508611 -0.0144215 0
1.8 1 10.5934 8.50857 10 -0.508611 0.0144215 0
1.9 0 9.45753 11.4899 10 0.509371 -0.0164169 0
1.9 1 10.5425 8.51011 10 -0.509371 0.0164169 0
2 0 9.50851 11.4881 10 0.510132 -0.0186098 0
2 1 10.4915 8.51186 10 -0.510132 0.0186098 0
2.1 0 9.55956 11.4862 10 0.510883 -0.0210075 0
2.1 1 10.4404 8.51384 10 -0.510883 0.0210075 0
2.2 0 9.61068 11.4839 10 0.511611 -0.0236146 0
2.2 1 10.3893 8.51607 10 -0.511611 0.0236146 0
2.3 0 9.66188 11.4814 10 0.512302 -0.0264328 0
2.3 1 10.3381 8.51858 10 -0.512302 0.0264328 0
2.4 0 9.71314 11.4786 10 0.512941 -0.0294602 0
2.4 1 10.2869 8.52137 10 -0.512941 0.0294602 0
2.5 0 9.76447 11.4755 10 0.513513 -0.0326913 0
2.5 1 10.2355 8.52448 10 -0.513513 0.0326913 0
2.6 0 9.81584 11.4721 10 0.514 -0.0361162 0
2.6 1 10.1842 8.52792 10 -0.514 0.0361162 0
2.7 0 9.86726 11.4683 10 0.514389 -0.0397209 0
2.7 1 10.1327 8.53171 10 -0.514389 0.0397209 0
2.8 0 9.91872 11.4641 10 0.514664 -0.0434869 0
2.8 1 10.0813 8.53587 10 -0.514664 0.0434869 0
2.9 0 9.97019 11.4596 10 0.514813 -0.0473918 0
2.9 1 10.0298 8.54042 10 -0.514813 0.0473918 0
3 0 10.0217 11.4546 10 0.514824 -0.0514092 0
3 1 9.97832 8.54536 10 -0.514824 0.0514092 0
3.1 0 10.0732 11.4493 10 0.514691 -0.0555097 0
3.1 1 9.92685 8.5507 10 -0.514691 0.0555097 0
3.2 0 10.1246 11.4435 10 0.514408 -0.0596615 0
3.2 1 9.87539 8.55646 10 -0.514408 0.0596615 0
3.3 0 10.176 11.4374 10 0.513973 -0.0638311 0
3.3 1 9.82397 8.56264 10 -0.513973 0.0638311 0
3.4 0 10.2274 11.4308 10 0.51339 -0.0679844 0
3.4 1 9.7726 8.56923 10 -0.51339 0.0679844 0
3.5 0 10.2787 11.4238 10 0.512663 -0.0720878 0
3.5 1 9.7213 8.57624 10 -0.512663 0.0720878 0
3.6 0 10.3299 11.4163 10 0.511802 -0.076109 0
3.6 1 9.67007 8.58365 10 -0.511802 0.076109 0
3.7 0 10.3811 11.4085 10 0.51082 -0.0800178 0
3.7 1 9.61894 8.59146 10 -0.51082 0.0800178 0
3.8 0 10.4321 11.4003 10 0.50973 -0.0837873 0
3.8 1 9.56791 8.59966 10 -0.50973 0.0837873 0
3.9 0 10.483 11.3918 10 0.508549 -0.087394 0
3.9 1 9.517 8.60822 10 -0.508549 0.087394 0
4 0 10.5338 11.3829 10 0.507295 -0.0908186 0
4 1 9.46621 8.61713 10 -0.507295 0.0908186 0
4.1 0 10.5845 11.3736 10 0.505987 -0.0940464 0
4.1 1 9.41554 8.62638 10 -0.505987 0.0940464 0
4.2 0 10.635 11.3641 10 0.504643 -0.0970668 0
4.2 1 9.36501 8.63594 10 -0.504643 0.0970668 0
4.3 0 10.6854 11.3542 10 0.50328 -0.0998737 0
4.3 1 9.31462 8.64579 10 -0.50328 0.0998737 0
4.4 0 10.7356 11.3441 10 0.501917 -0.102465 0
4.4 1 9.26436 8.65591 10 -0.501917 0.102465 0
4.5 0 10.7858 11.3337 10 0.500568 -0.104842 0
4.5 1 9.21424 8.66628 10 -0.500568 0.104842 0
4.6 0 10.8358 11.3231 10 0.499246 -0.10701 0
4.6 1 9.16425 8.67687 10 -0.499246 0.10701 0
4.7 0 10.8856 11.3123 10 0.497963 -0.108975 0
4.7 1 9.11439 8.68767 10 -0.497963 0.108975 0
4.8 0 10.9353 11.3013 10 0.496729 -0.110748 0
4.8 1 9.06465 8.69866 10 -0.496729 0.110748 0
4.9 0 10.985 11.2902 10 0.495551 -0.112339 0
4.9 1 9.01504 8.70982 10 -0.495551 0.112339 0
5 0 11.0345 11.2789 10 0.494434 -0.113761 0
5 1 8.96554 8.72113 10 -0.494434 0.113761 0
5.1 0 11.0838 11.2674 10 0.493383 -0.115025 0
5.1 1 8.91615 8.73257 10 -0.493383 0.115025 0
5.2 0 11.1331 11.2559 10 0.492399 -0.116146 0
5.2 1 8.86686 8.74413 10 -0.492399 0.116146 0
5.3 0 11.1823 11.2442 10 0.491483 -0.117136 0
5.3 1 8.81767 8.75579 10 -0.491483 0.117136 0
5.4 0 11.2314 11.2324 10 0.490634 -0.118008 0
5.4 1 8.76857 8.76755 10 -0.490634 0.118008 0
5.5 0 11.2805 11.2206 10 0.489851 -0.118773 0
5.5 1 8.71954 8.77939 10 -0.489851 0.118773 0
5.6 0 11.3294 11.2087 10 0.489132 -0.119443 0
5.6 1 8.67059 8.7913 10 -0.489132 0.119443 0
5.7 0 11.3783 11.1967 10 0.488474 -0.120028 0
5.7 1 8.62171 8.80328 10 -0.488474 0.120028 0
5.8 0 11.4271 11.1847 10 0.487873 -0.120538 0
5.8 1 8.5729 8.81531 10 -0.487873 0.120538 0
5.9 0 11.4759 11.1726 10 0.487327 -0.120982 0
5.9 1 8.52414 8.82738 10 -0.487327 0.120982 0
6 0 11.5246 11.1605 10 0.486831 -0.121368 0
6 1 8.47543 8.8395 10 -0.486831 0.121368 0
6.1 0 11.5732 11.1483 10 0.486381 -0.121703 0
6.1 1 8.42677 8.85166 10 -0.486381 0.121703 0
6.2 0 11.6218 11.1362 10 0.485975 -0.121994 0
6.2 1 8.37815 8.86384 10 -0.485975 0.121994 0
6.3 0 11.6704 11.1239 10 0.485608 -0.122246 0
6.3 1 8.32958 8.87605 10 -0.485608 0.122246 0
6.4 0 11.719 11.1117 10 0.485278 -0.122464 0
6.4 1 8.28103 8.88829 10 -0.485278 0.122464 0
6.5 0 11.7675 11.0995 10 0.48498 -0.122653 0
6.5 1 8.23252 8.90055 10 -0.48498 0.122653 0
6.6 0 11.816 11.0872 10 0.484713 -0.122816 0
6.6 1 8.18403 8.91282 10 -0.484713 0.122816 0
6.7 0 11.8644 11.0749 10 0.484472 -0.122958 0
6.7 1 8.13558 8.92511 10 -0.484472 0.122958 0
6.8 0 11.9129 11.0626 10 0.484256 -0.12308 0
6.8 1 8.08714 8.93741 10 -0.484256 0.12308 0
6.9 0 11.9613 11.0503 10 0.484062 -0.123186 0
6.9 1 8.03872 8.94972 10 -0.484062 0.123186 0
7 0 12.0097 11.038 10 0.483887 -0.123278 0
7 1 7.99033 8.96205 10 -0.483887 0.123278 0
7.1 0 12.0581 11.0256 10 0.483731 -0.123357 0
7.1 1 7.94195 8.97438 10 -0.483731 0.123357 0
7.2 0 12.1064 11.0133 10 0.483591 -0.123426 0
7.2 1 7.89358 8.98672 10 -0.483591 0.123426 0
7.3 0 12.1548 11.0009 10 0.483464 -0.123486 0
7.3 1 7.84523 8.99906 10 -0.483464 0.123486 0
7.4 0 12.2031 10.9886 10 0.483351 -0.123537 0
7.4 1 7.79689 9.01142 10 -0.483351 0.123537 0
7.5 0 12.2514 10.9762 10 0.48325 -0.123582 0
7.5 1 7.74856 9.02377 10 -0.48325 0.123582 0
7.6 0 12.2998 10.9639 10 0.483158 -0.123621 0
7.6 1 7.70024 9.03613 10 -0.483158 0.123621 0
7.7 0 12.3481 10.9515 10 0.483076 -0.123655 0
7.7 1 7.65193 9.0485 10 -0.483076 0.123655 0
7.8 0 12.3964 10.9391 10 0.483002 -0.123685 0
7.8 1 7.60362 9.06086 10 -0.483002 0.123685 0
7.9 0 12.4447 10.9268 10 0.482936 -0.12371 0
7.9 1 7.55532 9.07323 10 -0.482936 0.12371 0
8 0 12.493 10.9144 10 0.482876 -0.123732 0
8 1 7.50703 9.08561 10 -0.482876 0.123732 0
8.1 0 12.5413 10.902 10 0.482822 -0.123752 0
8.1 1 7.45875 9.09798 10 -0.482822 0.123752 0
8.2 0 12.5895 10.8896 10 0.482773 -0.123769 0
8.2 1 7.41047 9.11036 10 -0.482773 0.123769 0
8.3 0 12.6378 10.8773 10 0.48273 -0.123784 0
8.3 1 7.36219 9.12273 10 -0.48273 0.123784 0
8.4 0 12.6861 10.8649 10 0.48269 -0.123797 0
8.4 1 7.31392 9.13511 10 -0.48269 0.123797 0
8.5 0 12.7343 10.8525 10 0.482654 -0.123808 0
8.5 1 7.26566 9.14749 10 -0.482654 0.123808 0
8.6 0 12.7826 10.8401 10 0.482622 -0.123818 0
8.6 1 7.21739 9.15987 10 -0.482622 0.123818 0
8.7 0 12.8309 10.8277 10 0.482593 -0.123827 0
8.7 1 7.16913 9.17226 10 -0.482593 0.123827 0
8.8 0 12.8791 10.8154 10 0.482566 -0.123834 0
8.8 1 7.12087 9.18464 10 -0.482566 0.123834 0
8.9 0 12.9274 10.803 10 0.482542 -0.123841 0
8.9 1 7.07262 9.19702 10 -0.482542 0.123841 0
9 0 12.9756 10.7906 10 0.48252 -0.123847 0
9 1 7.02437 9.20941 10 -0.48252 0.123847 0
9.1 0 13.0239 10.7782 10 0.482501 -0.123852 0
9.1 1 6.97611 9.22179 10 -0.482501 0.123852 0
9.2 0 13.0721 10.7658 10 0.482483 -0.123857 0
9.2 1 6.92787 9.23418 10 -0.482483 0.123857 0
9.3 0 13.1204 10.7534 10 0.482466 -0.123861 0
9.3 1 6.87962 9.24656 10 -0.482466 0.123861 0
9.4 0 13.1686 10.7411 10 0.482451 -0.123864 0
9.4 1 6.83137 9.25895 10 -0.482451 0.123864 0
9.5 0 13.2169 10.7287 10 0.482438 -0.123867 0
9.5 1 6.78313 9.27134 10 -0.482438 0.123867 0
9.6 0 13.2651 10.7163 10 0.482426 -0.12387 0
9.6 1 6.73488 9.28372 10 -0.482426 0.12387 0
9.7 0 13.3134 10.7039 10 0.482414 -0.123872 0
9.7 1 6.68664 9.29611 10 -0.482414 0.123872 0
9.8 0 13.3616 10.6915 10 0.482404 -0.123875 0
9.8 1 6.6384 9.3085 10 -0.482404 0.123875 0
9.9 0 13.4098 10.6791 10 0.482395 -0.123876 0
9.9 1 6.59016 9.32089 10 -0.482395 0.123876 0
10 0 13.4581 10.6667 10 0.482386 -0.123878 0
10 1 6.54192 9.33327 10 -0.482386 0.123878 0
10.1 0 13.5063 10.6543 10 0.482378 -0.12388 0
10.1 1 6.49368 9.34566 10 -0.482378 0.12388 0
10.2 0 13.5546 10.642 10 0.482371 -0.123881 0
10.2 1 6.44545 9.35805 10 -0.482371 0.123881 0
10.3 0 13.6028 10.6296 10 0.482364 -0.123882 0
10.3 1 6.39721 9.37044 10 -0.482364 0.123882 0
10.4 0 13.651 10.6172 10 0.482358 -0.123883 0
10.4 1 6.34897 9.38283 10 -0.482358 0.123883 0
10.5 0 13.6993 10.6048 10 0.482353 -0.123884 0
10.5 1 6.30074 9.39521 10 -0.482353 0.123884 0
10.6 0 13.7475 10.5924 10 0.482348 -0.123885 0
10.6 1 6.2525 9.4076 10 -0.482348 0.123885 0
10.7 0 13.7957 10.58 10 0.482343 -0.123886 0
10.7 1 6.20427 9.41999 10 -0.482343 0.123886 0
10.8 0 13.844 10.5676 10 0.482339 -0.123886 0
10.8 1 6.15604 9.43238 10 -0.482339 0.123886 0
10.9 0 13.8922 10.5552 10 0.482335 -0.123887 0
10.9 1 6.1078 9.44477 10 -0.482335 0.123887 0
11 0 13.9404 10.5428 10 0.482331 -0.123887 0
11 1 6.05957 9.45716 10 -0.482331 0.123887 0
11.1 0 13.9887 10.5305 10 0.482327 -0.123888 0
11.1 1 6.01134 9.46955 10 -0.482327 0.123888 0
11.2 0 14.0369 10.5181 10 0.482324 -0.123888 0
11.2 1 5.9631 9.48193 10 -0.482324 0.123888 0
11.3 0 14.0851 10.5057 10 0.482321 -0.123889 0
11.3 1 5.91487 9.49432 10 -0.482321 0.123889 0
11.4 0 14.1334 10.4933 10 0.482319 -0.123889 0
11.4 1 5.86664 9.50671 10 -0.482319 0.123889 0
11.5 0 14.1816 10.4809 10 0.482316 -0.123889 0
11.5 1 5.81841 9.5191 10 -0.482316 0.123889 0
11.6 0 14.2298 10.4685 10 0.482314 -0.12389 0
11.6 1 5.77018 9.53149 10 -0.482314 0.12389 0
11.7 0 14.2781 10.4561 10 0.482312 -0.12389 0
11.7 1 5.72194 9.54388 10 -0.482312 0.12389 0
11.8 0 14.3263 10.4437 10 0.48231 -0.12389 0
11.8 1 5.67371 9.55627 10 -0.48231 0.12389 0
11.9 0 14.3745 10.4313 10 0.482308 -0.12389 0
11.9 1 5.62548 9.56866 10 -0.482308 0.12389 0
12 0 14.4227 10.419 10 0.482306 -0.12389 0
12 1 5.57725 9.58105 10 -0.482306 0.12389 0
12.1 0 14.471 10.4066 10 0.482305 -0.12389 0
12.1 1 5.52902 9.59343 10 -0.482305 0.12389 0
12.2 0 14.5192 10.3942 10 0.482303 -0.123891 0
12.2 1 5.48079 9.60582 10 -0.482303 0.123891 0
12.3 0 14.5674 10.3818 10 0.482302 -0.123891 0
12.3 1 5.43256 9.61821 10 -0.482302 0.123891 0
12.4 0 14.6157 10.3694 10 0.482301 -0.123891 0
12.4 1 5.38433 9.6306 10 -0.482301 0.123891 0
12.5 0 14.6639 10.357 10 0.482299 -0.123891 0
12.5 1 5.3361 9.64299 10 -0.482299 0.123891 0
12.6 0 14.7121 10.3446 10 0.482298 -0.123891 0
12.6 1 5.28787 9.65538 10 -0.482298 0.123891 0
12.7 0 14.7604 10.3322 10 0.482297 -0.123891 0
12.7 1 5.23964 9.66777 10 -0.482297 0.123891 0
12.8 0 14.8086 10.3198 10 0.482296 -0.123891 0
12.8 1 5.19141 9.68016 10 -0.482296 0.123891 0
12.9 0 14.8568 10.3075 10 0.482295 -0.123891 0
12.9 1 5.14318 9.69255 10 -0.482295 0.123891 0
13 0 14.905 10.2951 10 0.482295 -0.123891 0
13 1 5.09495 9.70494 10 -0.482295 0.123891 0
13.1 0 14.9533 10.2827 10 0.482294 -0.123891 0
13.1 1 5.04672 9.71733 10 -0.482294 0.123891 0
13.2 0 15.0015 10.2703 10 0.482293 -0.123891 0
13.2 1 4.99849 9.72971 10 -0.482293 0.123891 0
13.3 0 15.0497 10.2579 10 0.482292 -0.123891 0
13.3 1 4.95026 9.7421 10 -0.482292 0.123891 0
13.4 0 15.098 10.2455 10 0.482292 -0.123891 0
13.4 1 4.90203 9.75449 10 -0.482292 0.123891 0
13.5 0 15.1462 10.2331 10 0.482291 -0.123891 0
13.5 1 4.85381 9.76688 10 -0.482291 0.123891 0
13.6 0 15.1944 10.2207 10 0.482291 -0.123891 0
13.6 1 4.80558 9.77927 10 -0.482291 0.123891 0
13.7 0 15.2427 10.2083 10 0.48229 -0.123891 0
13.7 1 4.75735 9.79166 10 -0.48229 0.123891 0
13.8 0 15.2909 10.196 10 0.48229 -0.123892 0
13.8 1 4.70912 9.80405 10 -0.48229 0.123892 0
13.9 0 15.3391 10.1836 10 0.482289 -0.123892 0
13.9 1 4.66089 9.81644 10 -0.482289 0.123892 0
14 0 15.3873 10.1712 10 0.482289 -0.123892 0
14 1 4.61266 9.82883 10 -0.482289 0.123892 0
14.1 0 15.4356 10.1588 10 0.482288 -0.123892 0
14.1 1 4.56443 9.84122 10 -0.482288 0.123892 0
14.2 0 15.4838 10.1464 10 0.482288 -0.123892 0
14.2 1 4.5162 9.85361 10 -0.482288 0.123892 0
14.3 0 15.532 10.134 10 0.482287 -0.123892 0
14.3 1 4.46797 9.866 10 -0.482287 0.123892 0
14.4 0 15.5803 10.1216 10 0.482287 -0.123892 0
14.4 1 4.41975 9.87838 10 -0.482287 0.123892 0
14.5 0 15.6285 10.1092 10 0.482287 -0.123892 0
14.5 1 4.37152 9.89077 10 -0.482287 0.123892 0
14.6 0 15.6767 10.0968 10 0.482286 -0.123892 0
14.6 1 4.32329 9.90316 10 -0.482286 0.123892 0
14.7 0 15.7249 10.0844 10 0.482286 -0.123892 0
14.7 1 4.27506 9.91555 10 -0.482286 0.123892 0
14.8 0 15.7732 10.0721 10 0.482286 -0.123892 0
14.8 1 4.22683 9.92794 10 -0.482286 0.123892 0
14.9 0 15.8214 10.0597 10 0.482286 -0.123892 0
14.9 1 4.1786 9.94033 10 -0.482286 0.123892 0
15 0 15.8696 10.0473 10 0.482285 -0.123892 0
15 1 4.13037 9.95272 10 -0.482285 0.123892 0
15.1 0 15.9179 10.0349 10 0.482285 -0.123892 0
15.1 1 4.08215 9.96511 10 -0.482285 0.123892 0
15.2 0 15.9661 10.0225 10 0.482285 -0.123892 0
15.2 1 4.03392 9.9775 10 -0.482285 0.123892 0
15.3 0 16.0143 10.0101 10 0.482285 -0.123892 0
15.3 1 3.98569 9.98989 10 -0.482285 0.123892 0
15.4 0 16.0625 9.99772 10 0.482285 -0.123892 0
15.4 1 3.93746 10.0023 10 -0.482285 0.123892 0
15.5 0 16.1108 9.98533 10 0.482284 -0.123892 0
15.5 1 3.88923 10.0147 10 -0.482284 0.123892 0
15.6 0 16.159 9.97295 10 0.482284 -0.123892 0
15.6 1 3.841 10.0271 10 -0.482284 0.123892 0
15.7 0 16.2072 9.96056 10 0.482284 -0.123892 0
15.7 1 3.79277 10.0394 10 -0.482284 0.123892 0
15.8 0 16.2555 9.94817 10 0.482284 -0.123892 0
15.8 1 3.74455 10.0518 10 -0.482284 0.123892 0
15.9 0 16.3037 9.93578 10 0.482284 -0.123892 0
15.9 1 3.69632 10.0642 10 -0.482284 0.123892 0
16 0 16.3519 9.92339 10 0.482284 -0.123892 0
16 1 3.64809 10.0766 10 -0.482284 0.123892 0
16.1 0 16.4001 9.911 10 0.482283 -0.123892 0
16.1 1 3.59986 10.089 10 -0.482283 0.123892 0
16.2 0 16.4484 9.89861 10 0.482283 -0.123892 0
16.2 1 3.55163 10.1014 10 -0.482283 0.123892 0
16.3 0 16.4966 9.88622 10 0.482283 -0.123892 0
16.3 1 3.5034 10.1138 10 -0.482283 0.123892 0
16.4 0 16.5448 9.87383 10 0.482283 -0.123892 0
16.4 1 3.45518 10.1262 10 -0.482283 0.123892 0
16.5 0 16.5931 9.86144 10 0.482283 -0.123892 0
16.5 1 3.40695 10.1386 10 -0.482283 0.123892 0
16.6 0 16.6413 9.84905 10 0.482283 -0.123892 0
16.6 1 3.35872 10.1509 10 -0.482283 0.123892 0
16.7 0 16.6895 9.83666 10 0.482283 -0.123892 0
16.7 1 3.31049 10.1633 10 -0.482283 0.123892 0
16.8 0 16.7377 9.82428 10 0.482283 -0.123892 0
16.8 1 3.26226 10.1757 10 -0.482283 0.123892 0
16.9 0 16.786 9.81189 10 0.482283 -0.123892 0
16.9 1 3.21403 10.1881 10 -0.482283 0.123892 0
17 0 16.8342 9.7995 10 0.482283 -0.123892 0
17 1 3.16581 10.2005 10 -0.482283 0.123892 0
17.1 0 16.8824 9.78711 10 0.482282 -0.123892 0
17.1 1 3.11758 10.2129 10 -0.482282 0.123892 0
17.2 0 16.9307 9.77472 10 0.482282 -0.123892 0
17.2 1 3.06935 10.2253 10 -0.482282 0.123892 0
17.3 0 16.9789 9.76233 10 0.482282 -0.123892 0
17.3 1 3.02112 10.2377 10 -0.482282 0.123892 0
17.4 0 17.0271 9.74994 10 0.482282 -0.123892 0
17.4 1 2.97289 10.2501 10 -0.482282 0.123892 0
17.5 0 17.0753 9.73755 10 0.482282 -0.123892 0
17.5 1 2.92466 10.2624 10 -0.482282 0.123892 0
17.6 0 17.1236 9.72516 10 0.482282 -0.123892 0
17.6 1 2.87644 10.2748 10 -0.482282 0.123892 0
17.7 0 17.1718 9.71277 10 0.482282 -0.123892 0
17.7 1 2.82821 10.2872 10 -0.482282 0.123892 0
17.8 0 17.22 9.70038 10 0.482282 -0.123892 0
17.8 1 2.77998 10.2996 10 -0.482282 0.123892 0
17.9 0 17.2682 9.68799 10 0.482282 -0.123892 0
17.9 1 2.73175 10.312 10 -0.482282 0.123892 0
18 0 17.3165 9.67561 10 0.482282 -0.123892 0
18 1 2.68352 10.3244 10 -0.482282 0.123892 0
18.1 0 17.3647 9.66322 10 0.482282 -0.123892 0
18.1 1 2.6353 10.3368 10 -0.482282 0.123892 0
18.2 0 17.4129 9.65083 10 0.482282 -0.123892 0
18.2 1 2.58707 10.3492 10 -0.482282 0.123892 0
18.3 0 17.4612 9.63844 10 0.482282 -0.123892 0
18.3 1 2.53884 10.3616 10 -0.482282 0.123892 0
18.4 0 17.5094 9.62605 10 0.482282 -0.123892 0
18.4 1 2.49061 10.374 10 -0.482282 0.123892 0
18.5 0 17.5576 9.61366 10 0.482282 -0.123892 0
18.5 1 2.44238 10.3863 10 -0.482282 0.123892 0
18.6 0 17.6058 9.60127 10 0.482282 -0.123892 0
18.6 1 2.39415 10.3987 10 -0.482282 0.123892 0
18.7 0 17.6541 9.58888 10 0.482282 -0.123892 0
18.7 1 2.34593 10.4111 10 -0.482282 0.123892 0
18.8 0 17.7023 9.57649 10 0.482282 -0.123892 0
18.8 1 2.2977 10.4235 10 -0.482282 0.123892 0
18.9 0 17.7505 9.5641 10 0.482282 -0.123892 0
18.9 1 2.24947 10.4359 10 -0.482282 0.123892 0
19 0 17.7988 9.55171 10 0.482282 -0.123892 0
19 1 2.20124 10.4483 10 -0.482282 0.123892 0
19.1 0 17.847 9.53932 10 0.482282 -0.123892 0
19.1 1 2.15301 10.4607 10 -0.482282 0.123892 0
19.2 0 17.8952 9.52694 10 0.482281 -0.123892 0
19.2 1 2.10479 10.4731 10 -0.482281 0.123892 0
19.3 0 17.9434 9.51455 10 0.482281 -0.123892 0
19.3 1 2.05656 10.4855 10 -0.482281 0.123892 0
19.4 0 17.9917 9.50216 10 0.482281 -0.123892 0
19.4 1 2.00833 10.4978 10 -0.482281 0.123892 0
19.5 0 18.0399 9.48977 10 0.482281 -0.123892 0
19.5 1 1.9601 10.5102 10 -0.482281 0.123892 0
19.6 0 18.0881 9.47738 10 0.482281 -0.123892 0
19.6 1 1.91187 10.5226 10 -0.482281 0.123892 0
19.7 0 18.1364 9.46499 10 0.482281 -0.123892 0
19.7 1 1.86365 10.535 10 -0.482281 0.123892 0
19.8 0 18.1846 9.4526 10 0.482281 -0.123892 0
19.8 1 1.81542 10.5474 10 -0.482281 0.123892 0
19.9 0 18.2328 9.44021 10 0.482281 -0.123892 0
19.9 1 1.76719 10.5598 10 -0.482281 0.123892 0
20 0 18.281 9.42782 10 0.482281 -0.123892 0
20 1 1.71896 10.5722 10 -0.482281 0.123892 0
20.1 0 18.3293 9.41543 10 0.482281 -0.123892 0
20.1 1 1.67073 10.5846 10 -0.482281 0.123892 0
20.2 0 18.3775 9.40304 10 0.482281 -0.123892 0
20.2 1 1.6225 10.597 10 -0.482281 0.123892 0
20.3 0 18.4257 9.39066 10 0.482281 -0.123892 0
20.3 1 1.57428 10.6093 10 -0.482281 0.123892 0
20.4 0 18.474 9.37827 10 0.482281 -0.123892 0
20.4 1 1.52605 10.6217 10 -0.482281 0.123892 0
20.5 0 18.5222 9.36588 10 0.482281 -0.123892 0
20.5 1 1.47782 10.6341 10 -0.482281 0.123892 0
20.6 0 18.5704 9.35349 10 0.482281 -0.123892 0
20.6 1 1.42959 10.6465 10 -0.482281 0.123892 0
20.7 0 18.6186 9.3411 10 0.482281 -0.123892 0
20.7 1 1.38136 10.6589 10 -0.482281 0.123892 0
20.8 0 18.6669 9.32871 10 0.482281 -0.123892 0
20.8 1 1.33314 10.6713 10 -0.482281 0.123892 0
20.9 0 18.7151 9.31632 10 0.482281 -0.123892 0
20.9 1 1.28491 10.6837 10 -0.482281 0.123892 0
21 0 18.7633 9.30393 10 0.482281 -0.123892 0
21 1 1.23668 10.6961 10 -0.482281 0.123892 0
21.1 0 18.8115 9.29154 10 0.482281 -0.123892 0
21.1 1 1.18845 10.7085 10 -0.482281 0.123892 0
21.2 0 18.8598 9.27915 10 0.482281 -0.123892 0
21.2 1 1.14022 10.7208 10 -0.482281 0.123892 0
21.3 0 18.908 9.26676 10 0.482281 -0.123891 0
21.3 1 1.092 10.7332 10 -0.482281 0.123891 0
21.4 0 18.9562 9.25437 10 0.482281 -0.123891 0
21.4 1 1.04377 10.7456 10 -0.482281 0.123891 0
21.5 0 19.0045 9.24199 10 0.482281 -0.123891 0
21.5 1 0.995539 10.758 10 -0.482281 0.123891 0
21.6 0 19.0527 9.2296 10 0.482281 -0.123891 0
21.6 1 0.947311 10.7704 10 -0.482281 0.123891 0
21.7 0 19.1009 9.21721 10 0.482281 -0.123891 0
21.7 1 0.899083 10.7828 10 -0.482281 0.123891 0
21.8 0 19.1491 9.20482 10 0.482281 -0.123891 0
21.8 1 0.850855 10.7952 10 -0.482281 0.123891 0
21.9 0 19.1974 9.19243 10 0.482281 -0.123891 0
21.9 1 0.802627 10.8076 10 -0.482281 0.123891 0
22 0 19.2456 9.18004 10 0.482281 -0.123891 0
22 1 0.754399 10.82 10 -0.482281 0.123891 0
22.1 0 19.2938 9.16765 10 0.482281 -0.123891 0
22.1 1 0.70617 10.8323 10 -0.482281 0.123891 0
22.2 0 19.3421 9.15526 10 0.482281 -0.123891 0
22.2 1 0.657942 10.8447 10 -0.482281 0.123891 0
22.3 0 19.3903 9.14287 10 0.482281 -0.123891 0
22.3 1 0.609714 10.8571 10 -0.482281 0.123891 0
22.4 0 19.4385 9.13048 10 0.482281 -0.123891 0
22.4 1 0.561486 10.8695 10 -0.482281 0.123891 0
22.5 0 19.4867 9.11809 10 0.482281 -0.123891 0
22.5 1 0.513258 10.8819 10 -0.482281 0.123891 0
22.6 0 19.535 9.1057 10 0.482281 -0.123891 0
22.6 1 0.46503 10.8943 10 -0.482281 0.123891 0
22.7 0 19.5832 9.09332 10 0.482281 -0.123891 0
22.7 1 0.416802 10.9067 10 -0.482281 0.123891 0
22.8 0 19.6314 9.08093 10 0.482281 -0.123891 0
22.8 1 0.368574 10.9191 10 -0.482281 0.123891 0
22.9 0 19.6797 9.06854 10 0.482281 -0.123891 0
22.9 1 0.320346 10.9315 10 -0.482281 0.123891 0
23 0 19.7279 9.05615 10 0.482281 -0.123891 0
23 1 0.272118 10.9439 10 -0.482281 0.123891 0
23.1 0 19.7761 9.04376 10 0.482281 -0.123891 0
23.1 1 0.22389 10.9562 10 -0.482281 0.123891 0
23.2 0 19.8243 9.03137 10 0.482281 -0.123891 0
23.2 1 0.175661 10.9686 10 -0.482281 0.123891 0
23.3 0 19.8726 9.01898 10 0.482281 -0.123891 0
23.3 1 0.127433 10.981 10 -0.482281 0.123891 0
23.4 0 19.9208 9.00659 10 0.482281 -0.123891 0
23.4 1 0.0792052 10.9934 10 -0.482281 0.123891 0
23.5 0 19.969 8.9942 10 0.482281 -0.123891 0
23.5 1 0.0309771 11.0058 10 -0.482281 0.123891 0
23.6 0 19.9827 8.98181 10 -0.482281 -0.123891 0
23.6 1 0.0172509 11.0182 10 0.482281 0.123891 0
23.7 0 19.9345 8.96942 10 -0.482281 -0.123891 0
23.7 1 0.065479 11.0306 10 0.482281 0.123891 0
23.8 0 19.8863 8.95703 10 -0.482281 -0.123891 0
23.8 1 0.113707 11.043 10 0.482281 0.123891 0
23.9 0 19.8381 8.94465 10 -0.482281 -0.123891 0
23.9 1 0.161935 11.0554 10 0.482281 0.123891 0
24 0 19.7898 8.93226 10 -0.482281 -0.123891 0
24 1 0.210163 11.0677 10 0.482281 0.123891 0
24.1 0 19.7416 8.91987 10 -0.482281 -0.123891 0
24.1 1 0.258391 11.0801 10 0.482281 0.123891 0
24.2 0 19.6934 8.90748 10 -0.482281 -0.123891 0
24.2 1 0.306619 11.0925 10 0.482281 0.123891 0
24.3 0 19.6452 8.89509 10 -0.482281 -0.123891 0
24.3 1 0.354848 11.1049 10 0.482281 0.123891 0
24.4 0 19.5969 8.8827 10 -0.482281 -0.123891 0
24.4 1 0.403076 11.1173 10 0.482281 0.123891 0
24.5 0 19.5487 8.87031 10 -0.482281 -0.123891 0
24.5 1 0.451304 11.1297 10 0.482281 0.123891 0
24.6 0 19.5005 8.85792 10 -0.482281 -0.123891 0
24.6 1 0.499532 11.1421 10 0.482281 0.123891 0
24.7 0 19.4522 8.84553 10 -0.482281 -0.123891 0
24.7 1 0.54776 11.1545 10 0.482281 0.123891 0
24.8 0 19.404 8.83314 10 -0.482281 -0.123891 0
24.8 1 0.595988 11.1669 10 0.482281 0.123891 0
24.9 0 19.3558 8.82075 10 -0.482281 -0.123891 0
24.9 1 0.644216 11.1792 10 0.482281 0.123891 0
25 0 19.3076 8.80837 10 -0.482281 -0.123891 0
25 1 0.692444 11.1916 10 0.482281 0.123891 0
25.1 0 19.2593 8.79598 10 -0.482281 -0.123891 0
25.1 1 0.740672 11.204 10 0.482281 0.123891 0
25.2 0 19.2111 8.78359 10 -0.482281 -0.123891 0
25.2 1 0.7889 11.2164 10 0.482281 0.123891 0
25.3 0 19.1629 8.7712 10 -0.482281 -0.123891 0
25.3 1 0.837129 11.2288 10 0.482281 0.123891 0
25.4 0 19.1146 8.75881 10 -0.482281 -0.123891 0
25.4 1 0.885357 11.2412 10 0.482281 0.123891 0
25.5 0 19.0664 8.74642 10 -0.482281 -0.123891 0
25.5 1 0.933585 11.2536 10 0.482281 0.123891 0
25.6 0 19.0182 8.73403 10 -0.482281 -0.123891 0
25.6 1 0.981813 11.266 10 0.482281 0.123891 0
25.7 0 18.97 8.72164 10 -0.482281 -0.123891 0
25.7 1 1.03004 11.2784 10 0.482281 0.123891 0
25.8 0 18.9217 8.70925 10 -0.482281 -0.123891 0
25.8 1 1.07827 11.2907 10 0.482281 0.123891 0
25.9 0 18.8735 8.69686 10 -0.482281 -0.123891 0
25.9 1 1.1265 11.3031 10 0.482281 0.123891 0
26 0 18.8253 8.68447 10 -0.482281 -0.123891 0
26 1 1.17473 11.3155 10 0.482281 0.123891 0
26.1 0 18.777 8.67208 10 -0.482281 -0.123891 0
26.1 1 1.22295 11.3279 10 0.482281 0.123891 0
26.2 0 18.7288 8.6597 10 -0.482281 -0.123891 0
26.2 1 1.27118 11.3403 10 0.482281 0.123891 0
26.3 0 18.6806 8.64731 10 -0.482281 -0.123891 0
26.3 1 1.31941 11.3527 10 0.482281 0.123891 0
26.4 0 18.6324 8.63492 10 -0.482281 -0.123891 0
26.4 1 1.36764 11.3651 10 0.482281 0.123891 0
26.5 0 18.5841 8.62253 10 -0.482281 -0.123891 0
26.5 1 1.41587 11.3775 10 0.482281 0.123891 0
26.6 0 18.5359 8.61014 10 -0.482281 -0.123891 0
26.6 1 1.46409 11.3899 10 0.482281 0.123891 0
26.7 0 18.4877 8.59775 10 -0.482281 -0.123891 0
26.7 1 1.51232 11.4023 10 0.482281 0.123891 0
26.8 0 18.4394 8.58536 10 -0.482281 -0.123891 0
26.8 1 1.56055 11.4146 10 0.482281 0.123891 0
26.9 0 18.3912 8.57297 10 -0.482281 -0.123891 0
26.9 1 1.60878 11.427 10 0.482281 0.123891 0
27 0 18.343 8.56058 10 -0.482281 -0.123891 0
27 1 1.65701 11.4394 10 0.482281 0.123891 0
27.1 0 18.2948 8.54819 10 -0.482281 -0.123891 0
27.1 1 1.70523 11.4518 10 0.482281 0.123891 0
27.2 0 18.2465 8.5358 10 -0.482281 -0.123891 0
27.2 1 1.75346 11.4642 10 0.482281 0.123891 0
27.3 0 18.1983 8.52341 10 -0.482281 -0.123891 0
27.3 1 1.80169 11.4766 10 0.482281 0.123891 0
27.4 0 18.1501 8.51103 10 -0.482281 -0.123891 0
27.4 1 1.84992 11.489 10 0.482281 0.123891 0
27.5 0 18.1019 8.49864 10 -0.482281 -0.123891 0
27.5 1 1.89815 11.5014 10 0.482281 0.123891 0
27.6 0 18.0536 8.48625 10 -0.482281 -0.123891 0
27.6 1 1.94638 11.5138 10 0.482281 0.123891 0
27.7 0 18.0054 8.47386 10 -0.482281 -0.123891 0
27.7 1 1.9946 11.5261 10 0.482281 0.123891 0
27.8 0 17.9572 8.46147 10 -0.482281 -0.123891 0
27.8 1 2.04283 11.5385 10 0.482281 0.123891 0
27.9 0 17.9089 8.44908 10 -0.482281 -0.123891 0
27.9 1 2.09106 11.5509 10 0.482281 0.123891 0
28 0 17.8607 8.43669 10 -0.482281 -0.123891 0
28 1 2.13929 11.5633 10 0.482281 0.123891 0
28.1 0 17.8125 8.4243 10 -0.482281 -0.123891 0
28.1 1 2.18752 11.5757 10 0.482281 0.123891 0
28.2 0 17.7643 8.41191 10 -0.482282 -0.123891 0
28.2 1 2.23574 11.5881 10 0.482282 0.123891 0
28.3 0 17.716 8.39952 10 -0.482282 -0.123891 0
28.3 1 2.28397 11.6005 10 0.482282 0.123891 0
28.4 0 17.6678 8.38713 10 -0.482282 -0.123891 0
28.4 1 2.3322 11.6129 10 0.482282 0.123891 0
28.5 0 17.6196 8.37475 10 -0.482282 -0.123891 0
28.5 1 2.38043 11.6253 10 0.482282 0.123891 0
28.6 0 17.5713 8.36236 10 -0.482282 -0.123891 0
28.6 1 2.42866 11.6376 10 0.482282 0.123891 0
28.7 0 17.5231 8.34997 10 -0.482282 -0.123891 0
28.7 1 2.47688 11.65 10 0.482282 0.123891 0
28.8 0 17.4749 8.33758 10 -0.482282 -0.123891 0
28.8 1 2.52511 11.6624 10 0.482282 0.123891 0
28.9 0 17.4267 8.32519 10 -0.482282 -0.123891 0
28.9 1 2.57334 11.6748 10 0.482282 0.123891 0
29 0 17.3784 8.3128 10 -0.482282 -0.123891 0
29 1 2.62157 11.6872 10 0.482282 0.123891 0
29.1 0 17.3302 8.30041 10 -0.482282 -0.123891 0
29.1 1 2.6698 11.6996 10 0.482282 0.123891 0
29.2 0 17.282 8.28802 10 -0.482282 -0.123891 0
29.2 1 2.71803 11.712 10 0.482282 0.123891 0
29.3 0 17.2337 8.27563 10 -0.482282 -0.123891 0
29.3 1 2.76625 11.7244 10 0.482282 0.123891 0
29.4 0 17.1855 8.26324 10 -0.482282 -0.123891 0
29.4 1 2.81448 11.7368 10 0.482282 0.123891 0
29.5 0 17.1373 8.25085 10 -0.482282 -0.123891 0
29.5 1 2.86271 11.7491 10 0.482282 0.123891 0
29.6 0 17.0891 8.23846 10 -0.482282 -0.123891 0
29.6 1 2.91094 11.7615 10 0.482282 0.123891 0
29.7 0 17.0408 8.22608 10 -0.482282 -0.123891 0
29.7 1 2.95917 11.7739 10 0.482282 0.123891 0
29.8 0 16.9926 8.21369 10 -0.482282 -0.123891 0
29.8 1 3.00739 11.7863 10 0.482282 0.123891 0
29.9 0 16.9444 8.2013 10 -0.482282 -0.123891 0
29.9 1 3.05562 11.7987 10 0.482282 0.123891 0
30 0 16.8961 8.18891 10 -0.482282 -0.123891 0
30 1 3.10385 11.8111 10 0.482282 0.123891 0
30.1 0 16.8479 8.17652 10 -0.482282 -0.123891 0
30.1 1 3.15208 11.8235 10 0.482282 0.123891 0
30.2 0 16.7997 8.16413 10 -0.482282 -0.123891 0
30.2 1 3.20031 11.8359 10 0.482282 0.123891 0
30.3 0 16.7515 8.15174 10 -0.482282 -0.123891 0
30.3 1 3.24854 11.8483 10 0.482282 0.123891 0
30.4 0 16.7032 8.13935 10 -0.482282 -0.123891 0
30.4 1 3.29676 11.8606 10 0.482282 0.123891 0
30.5 0 16.655 8.12696 10 -0.482283 -0.123891 0
30.5 1 3.34499 11.873 10 0.482283 0.123891 0
30.6 0 16.6068 8.11457 10 -0.482283 -0.123891 0
30.6 1 3.39322 11.8854 10 0.482283 0.123891 0
30.7 0 16.5586 8.10218 10 -0.482283 -0.123891 0
30.7 1 3.44145 11.8978 10 0.482283 0.123891 0
30.8 0 16.5103 8.0898 10 -0.482283 -0.123891 0
30.8 1 3.48968 11.9102 10 0.482283 0.123891 0
30.9 0 16.4621 8.07741 10 -0.482283 -0.123891 0
30.9 1 3.53791 11.9226 10 0.482283 0.123891 0
31 0 16.4139 8.06502 10 -0.482283 -0.123891 0
31 1 3.58613 11.935 10 0.482283 0.123891 0
31.1 0 16.3656 8.05263 10 -0.482283 -0.123891 0
31.1 1 3.63436 11.9474 10 0.482283 0.123891 0
31.2 0 16.3174 8.04024 10 -0.482283 -0.123891 0
31.2 1 3.68259 11.9598 10 0.482283 0.123891 0
31.3 0 16.2692 8.02785 10 -0.482283 -0.123891 0
31.3 1 3.73082 11.9722 10 0.482283 0.123891 0
31.4 0 16.221 8.01546 10 -0.482283 -0.123891 0
31.4 1 3.77905 11.9845 10 0.482283 0.123891 0
31.5 0 16.1727 8.00307 10 -0.482283 -0.123891 0
31.5 1 3.82728 11.9969 10 0.482283 0.123891 0
31.6 0 16.1245 7.99068 10 -0.482284 -0.123891 0
31.6 1 3.8755 12.0093 10 0.482284 0.123891 0
31.7 0 16.0763 7.97829 10 -0.482284 -0.123891 0
31.7 1 3.92373 12.0217 10 0.482284 0.123891 0
31.8 0 16.028 7.9659 10 -0.482284 -0.123891 0
31.8 1 3.97196 12.0341 10 0.482284 0.123891 0
31.9 0 15.9798 7.95352 10 -0.482284 -0.123891 0
31.9 1 4.02019 12.0465 10 0.482284 0.123891 0
32 0 15.9316 7.94113 10 -0.482284 -0.123891 0
32 1 4.06842 12.0589 10 0.482284 0.123891 0
32.1 0 15.8834 7.92874 10 -0.482284 -0.123891 0
32.1 1 4.11665 12.0713 10 0.482284 0.123891 0
32.2 0 15.8351 7.91635 10 -0.482284 -0.123891 0
32.2 1 4.16487 12.0837 10 0.482284 0.123891 0
32.3 0 15.7869 7.90396 10 -0.482285 -0.12389 0
32.3 1 4.2131 12.096 10 0.482285 0.12389 0
32.4 0 15.7387 7.89157 10 -0.482285 -0.12389 0
32.4 1 4.26133 12.1084 10 0.482285 0.12389 0
32.5 0 15.6904 7.87918 10 -0.482285 -0.12389 0
32.5 1 4.30956 12.1208 10 0.482285 0.12389 0
32.6 0 15.6422 7.86679 10 -0.482285 -0.12389 0
32.6 1 4.35779 12.1332 10 0.482285 0.12389 0
32.7 0 15.594 7.8544 10 -0.482285 -0.12389 0
32.7 1 4.40602 12.1456 10 0.482285 0.12389 0
32.8 0 15.5458 7.84201 10 -0.482285 -0.12389 0
32.8 1 4.45425 12.158 10 0.482285 0.12389 0
32.9 0 15.4975 7.82962 10 -0.482286 -0.12389 0
32.9 1 4.50247 12.1704 10 0.482286 0.12389 0
33 0 15.4493 7.81724 10 -0.482286 -0.12389 0
33 1 4.5507 12.1828 10 0.482286 0.12389 0
33.1 0 15.4011 7.80485 10 -0.482286 -0.12389 0
33.1 1 4.59893 12.1952 10 0.482286 0.12389 0
33.2 0 15.3528 7.79246 10 -0.482286 -0.12389 0
33.2 1 4.64716 12.2075 10 0.482286 0.12389 0
33.3 0 15.3046 7.78007 10 -0.482287 -0.12389 0
33.3 1 4.69539 12.2199 10 0.482287 0.12389 0
33.4 0 15.2564 7.76768 10 -0.482287 -0.12389 0
33.4 1 4.74362 12.2323 10 0.482287 0.12389 0
33.5 0 15.2082 7.75529 10 -0.482287 -0.123889 0
33.5 1 4.79185 12.2447 10 0.482287 0.123889 0
33.6 0 15.1599 7.7429 10 -0.482287 -0.123889 0
33.6 1 4.84007 12.2571 10 0.482287 0.123889 0
33.7 0 15.1117 7.73051 10 -0.482288 -0.123889 0
33.7 1 4.8883 12.2695 10 0.482288 0.123889 0
33.8 0 15.0635 7.71812 10 -0.482288 -0.123889 0
33.8 1 4.93653 12.2819 10 0.482288 0.123889 0
33.9 0 15.0152 7.70574 10 -0.482288 -0.123889 0
33.9 1 4.98476 12.2943 10 0.482288 0.123889 0
34 0 14.967 7.69335 10 -0.482289 -0.123889 0
34 1 5.03299 12.3067 10 0.482289 0.123889 0
34.1 0 14.9188 7.68096 10 -0.482289 -0.123889 0
34.1 1 5.08122 12.319 10 0.482289 0.123889 0
34.2 0 14.8706 7.66857 10 -0.482289 -0.123888 0
34.2 1 5.12945 12.3314 10 0.482289 0.123888 0
34.3 0 14.8223 7.65618 10 -0.48229 -0.123888 0
34.3 1 5.17768 12.3438 10 0.48229 0.123888 0
34.4 0 14.7741 7.64379 10 -0.48229 -0.123888 0
34.4 1 5.22591 12.3562 10 0.48229 0.123888 0
34.5 0 14.7259 7.6314 10 -0.482291 -0.123888 0
34.5 1 5.27413 12.3686 10 0.482291 0.123888 0
34.6 0 14.6776 7.61901 10 -0.482291 -0.123888 0
34.6 1 5.32236 12.381 10 0.482291 0.123888 0
34.7 0 14.6294 7.60662 10 -0.482291 -0.123887 0
34.7 1 5.37059 12.3934 10 0.482291 0.123887 0
34.8 0 14.5812 7.59424 10 -0.482292 -0.123887 0
34.8 1 5.41882 12.4058 10 0.482292 0.123887 0
34.9 0 14.5329 7.58185 10 -0.482292 -0.123887 0
34.9 1 5.46705 12.4182 10 0.482292 0.123887 0
35 0 14.4847 7.56946 10 -0.482293 -0.123887 0
35 1 5.51528 12.4305 10 0.482293 0.123887 0
35.1 0 14.4365 7.55707 10 -0.482294 -0.123886 0
35.1 1 5.56351 12.4429 10 0.482294 0.123886 0
35.2 0 14.3883 7.54468 10 -0.482294 -0.123886 0
35.2 1 5.61174 12.4553 10 0.482294 0.123886 0
35.3 0 14.34 7.53229 10 -0.482295 -0.123886 0
35.3 1 5.65997 12.4677 10 0.482295 0.123886 0
35.4 0 14.2918 7.5199 10 -0.482295 -0.123885 0
35.4 1 5.7082 12.4801 10 0.482295 0.123885 0
35.5 0 14.2436 7.50752 10 -0.482296 -0.123885 0
35.5 1 5.75643 12.4925 10 0.482296 0.123885 0
35.6 0 14.1953 7.49513 10 -0.482297 -0.123884 0
35.6 1 5.80466 12.5049 10 0.482297 0.123884 0
35.7 0 14.1471 7.48274 10 -0.482298 -0.123884 0
35.7 1 5.85289 12.5173 10 0.482298 0.123884 0
35.8 0 14.0989 7.47035 10 -0.482298 -0.123883 0
35.8 1 5.90112 12.5296 10 0.482298 0.123883 0
35.9 0 14.0507 7.45796 10 -0.482299 -0.123883 0
35.9 1 5.94935 12.542 10 0.482299 0.123883 0
36 0 14.0024 7.44557 10 -0.4823 -0.123882 0
36 1 5.99758 12.5544 10 0.4823 0.123882 0
36.1 0 13.9542 7.43319 10 -0.482301 -0.123882 0
36.1 1 6.04581 12.5668 10 0.482301 0.123882 0
36.2 0 13.906 7.4208 10 -0.482302 -0.123881 0
36.2 1 6.09404 12.5792 10 0.482302 0.123881 0
36.3 0 13.8577 7.40841 10 -0.482303 -0.123881 0
36.3 1 6.14227 12.5916 10 0.482303 0.123881 0
36.4 0 13.8095 7.39602 10 -0.482304 -0.12388 0
36.4 1 6.1905 12.604 10 0.482304 0.12388 0
36.5 0 13.7613 7.38363 10 -0.482305 -0.123879 0
36.5 1 6.23873 12.6164 10 0.482305 0.123879 0
36.6 0 13.713 7.37125 10 -0.482306 -0.123878 0
36.6 1 6.28696 12.6288 10 0.482306 0.123878 0
36.7 0 13.6648 7.35886 10 -0.482307 -0.123878 0
36.7 1 6.33519 12.6411 10 0.482307 0.123878 0
36.8 0 13.6166 7.34647 10 -0.482308 -0.123877 0
36.8 1 6.38342 12.6535 10 0.482308 0.123877 0
36.9 0 13.5683 7.33408 10 -0.48231 -0.123876 0
36.9 1 6.43165 12.6659 10 0.48231 0.123876 0
37 0 13.5201 7.32169 10 -0.482311 -0.123875 0
37 1 6.47988 12.6783 10 0.482311 0.123875 0
37.1 0 13.4719 7.30931 10 -0.482312 -0.123874 0
37.1 1 6.52811 12.6907 10 0.482312 0.123874 0
37.2 0 13.4237 7.29692 10 -0.482314 -0.123873 0
37.2 1 6.57634 12.7031 10 0.482314 0.123873 0
37.3 0 13.3754 7.28453 10 -0.482315 -0.123871 0
37.3 1 6.62458 12.7155 10 0.482315 0.123871 0
37.4 0 13.3272 7.27215 10 -0.482317 -0.12387 0
37.4 1 6.67281 12.7279 10 0.482317 0.12387 0
37.5 0 13.279 7.25976 10 -0.482318 -0.123869 0
37.5 1 6.72104 12.7402 10 0.482318 0.123869 0
37.6 0 13.2307 7.24737 10 -0.48232 -0.123867 0
37.6 1 6.76927 12.7526 10 0.48232 0.123867 0
37.7 0 13.1825 7.23499 10 -0.482322 -0.123866 0
37.7 1 6.8175 12.765 10 0.482322 0.123866 0
37.8 0 13.1343 7.2226 10 -0.482324 -0.123864 0
37.8 1 6.86573 12.7774 10 0.482324 0.123864 0
37.9 0 13.086 7.21021 10 -0.482326 -0.123862 0
37.9 1 6.91397 12.7898 10 0.482326 0.123862 0
38 0 13.0378 7.19783 10 -0.482328 -0.123861 0
38 1 6.9622 12.8022 10 0.482328 0.123861 0
38.1 0 12.9896 7.18544 10 -0.48233 -0.123859 0
38.1 1 7.01043 12.8146 10 0.48233 0.123859 0
38.2 0 12.9413 7.17305 10 -0.482332 -0.123857 0
38.2 1 7.05867 12.8269 10 0.482332 0.123857 0
38.3 0 12.8931 7.16067 10 -0.482334 -0.123855 0
38.3 1 7.1069 12.8393 10 0.482334 0.123855 0
38.4 0 12.8449 7.14828 10 -0.482336 -0.123852 0
38.4 1 7.15513 12.8517 10 0.482336 0.123852 0
38.5 0 12.7966 7.1359 10 -0.482339 -0.12385 0
38.5 1 7.20337 12.8641 10 0.482339 0.12385 0
38.6 0 12.7484 7.12351 10 -0.482341 -0.123848 0
38.6 1 7.2516 12.8765 10 0.482341 0.123848 0
38.7 0 12.7002 7.11113 10 -0.482344 -0.123845 0
38.7 1 7.29983 12.8889 10 0.482344 0.123845 0
38.8 0 12.6519 7.09874 10 -0.482346 -0.123842 0
38.8 1 7.34807 12.9013 10 0.482346 0.123842 0
38.9 0 12.6037 7.08636 10 -0.482349 -0.123839 0
38.9 1 7.3963 12.9136 10 0.482349 0.123839 0
39 0 12.5555 7.07398 10 -0.482351 -0.123836 0
39 1 7.44454 12.926 10 0.482351 0.123836 0
39.1 0 12.5072 7.06159 10 -0.482354 -0.123833 0
39.1 1 7.49277 12.9384 10 0.482354 0.123833 0
39.2 0 12.459 7.04921 10 -0.482357 -0.123829 0
39.2 1 7.54101 12.9508 10 0.482357 0.123829 0
39.3 0 12.4108 7.03683 10 -0.48236 -0.123826 0
39.3 1 7.58925 12.9632 10 0.48236 0.123826 0
39.4 0 12.3625 7.02445 10 -0.482363 -0.123822 0
39.4 1 7.63748 12.9756 10 0.482363 0.123822 0
39.5 0 12.3143 7.01206 10 -0.482366 -0.123818 0
39.5 1 7.68572 12.9879 10 0.482366 0.123818 0
39.6 0 12.266 6.99968 10 -0.482369 -0.123814 0
39.6 1 7.73396 13.0003 10 0.482369 0.123814 0
39.7 0 12.2178 6.9873 10 -0.482373 -0.12381 0
39.7 1 7.78219 13.0127 10 0.482373 0.12381 0
39.8 0 12.1696 6.97492 10 -0.482376 -0.123805 0
39.8 1 7.83043 13.0251 10 0.482376 0.123805 0
39.9 0 12.1213 6.96254 10 -0.482379 -0.1238 0
39.9 1 7.87867 13.0375 10 0.482379 0.1238 0
40 0 12.0731 6.95016 10 -0.482383 -0.123795 0
40 1 7.92691 13.0498 10 0.482383 0.123795 0
40.1 0 12.0249 6.93778 10 -0.482386 -0.12379 0
40.1 1 7.97514 13.0622 10 0.482386 0.12379 0
40.2 0 11.9766 6.9254 10 -0.48239 -0.123785 0
40.2 1 8.02338 13.0746 10 0.48239 0.123785 0
40.3 0 11.9284 6.91302 10 -0.482393 -0.12378 0
40.3 1 8.07162 13.087 10 0.482393 0.12378 0
40.4 0 11.8801 6.90065 10 -0.482397 -0.123774 0
40.4 1 8.11986 13.0994 10 0.482397 0.123774 0
40.5 0 11.8319 6.88827 10 -0.4824 -0.123768 0
40.5 1 8.1681 13.1117 10 0.4824 0.123768 0
40.6 0 11.7837 6.87589 10 -0.482404 -0.123762 0
40.6 1 8.21634 13.1241 10 0.482404 0.123762 0
40.7 0 11.7354 6.86352 10 -0.482407 -0.123755 0
40.7 1 8.26458 13.1365 10 0.482407 0.123755 0
40.8 0 11.6872 6.85114 10 -0.482411 -0.123749 0
40.8 1 8.31282 13.1489 10 0.482411 0.123749 0
40.9 0 11.6389 6.83877 10 -0.482414 -0.123742 0
40.9 1 8.36106 13.1612 10 0.482414 0.123742 0
41 0 11.5907 6.82639 10 -0.482418 -0.123735 0
41 1 8.40931 13.1736 10 0.482418 0.123735 0
41.1 0 11.5425 6.81402 10 -0.482422 -0.123728 0
41.1 1 8.45755 13.186 10 0.482422 0.123728 0
41.2 0 11.4942 6.80165 10 -0.482425 -0.12372 0
41.2 1 8.50579 13.1984 10 0.482425 0.12372 0
41.3 0 11.446 6.78928 10 -0.482428 -0.123713 0
41.3 1 8.55403 13.2107 10 0.482428 0.123713 0
41.4 0 11.3977 6.7769 10 -0.482432 -0.123705 0
41.4 1 8.60228 13.2231 10 0.482432 0.123705 0
41.5 0 11.3495 6.76453 10 -0.482435 -0.123697 0
41.5 1 8.65052 13.2355 10 0.482435 0.123697 0
41.6 0 11.3012 6.75217 10 -0.482439 -0.123689 0
41.6 1 8.69876 13.2478 10 0.482439 0.123689 0
41.7 0 11.253 6.7398 10 -0.482442 -0.123681 0
41.7 1 8.74701 13.2602 10 0.482442 0.123681 0
41.8 0 11.2047 6.72743 10 -0.482445 -0.123673 0
41.8 1 8.79525 13.2726 10 0.482445 0.123673 0
41.9 0 11.1565 6.71506 10 -0.482448 -0.123664 0
41.9 1 8.8435 13.2849 10 0.482448 0.123664 0
42 0 11.1083 6.7027 10 -0.482451 -0.123656 0
42 1 8.89174 13.2973 10 0.482451 0.123656 0
42.1 0 11.06 6.69033 10 -0.482454 -0.123647 0
42.1 1 8.93999 13.3097 10 0.482454 0.123647 0
42.2 0 11.0118 6.67797 10 -0.482457 -0.123638 0
42.2 1 8.98823 13.322 10 0.482457 0.123638 0
42.3 0 10.9635 6.6656 10 -0.482459 -0.123629 0
42.3 1 9.03648 13.3344 10 0.482459 0.123629 0
42.4 0 10.9153 6.65324 10 -0.482462 -0.12362 0
42.4 1 9.08472 13.3468 10 0.482462 0.12362 0
42.5 0 10.867 6.64088 10 -0.482464 -0.123611 0
42.5 1 9.13297 13.3591 10 0.482464 0.123611 0
42.6 0 10.8188 6.62852 10 -0.482466 -0.123602 0
42.6 1 9.18122 13.3715 10 0.482466 0.123602 0
42.7 0 10.7705 6.61616 10 -0.482468 -0.123593 0
42.7 1 9.22946 13.3838 10 0.482468 0.123593 0
42.8 0 10.7223 6.6038 10 -0.48247 -0.123584 0
42.8 1 9.27771 13.3962 10 0.48247 0.123584 0
42.9 0 10.674 6.59144 10 -0.482472 -0.123575 0
42.9 1 9.32596 13.4086 10 0.482472 0.123575 0
43 0 10.6258 6.57909 10 -0.482474 -0.123566 0
43 1 9.3742 13.4209 10 0.482474 0.123566 0
43.1 0 10.5775 6.56673 10 -0.482476 -0.123557 0
43.1 1 9.42245 13.4333 10 0.482476 0.123557 0
43.2 0 10.5293 6.55437 10 -0.482477 -0.123548 0
43.2 1 9.4707 13.4456 10 0.482477 0.123548 0
43.3 0 10.4811 6.54202 10 -0.482478 -0.123539 0
43.3 1 9.51895 13.458 10 0.482478 0.123539 0
43.4 0 10.4328 6.52967 10 -0.482479 -0.123531 0
43.4 1 9.5672 13.4703 10 0.482479 0.123531 0
43.5 0 10.3846 6.51731 10 -0.48248 -0.123522 0
43.5 1 9.61544 13.4827 10 0.48248 0.123522 0
43.6 0 10.3363 6.50496 10 -0.482481 -0.123513 0
43.6 1 9.66369 13.495 10 0.482481 0.123513 0
43.7 0 10.2881 6.49261 10 -0.482482 -0.123505 0
43.7 1 9.71194 13.5074 10 0.482482 0.123505 0
43.8 0 10.2398 6.48026 10 -0.482483 -0.123497 0
43.8 1 9.76019 13.5197 10 0.482483 0.123497 0
43.9 0 10.1916 6.46791 10 -0.482483 -0.123488 0
43.9 1 9.80844 13.5321 10 0.482483 0.123488 0
44 0 10.1433 6.45556 10 -0.482484 -0.12348 0
44 1 9.85668 13.5444 10 0.482484 0.12348 0
44.1 0 10.0951 6.44322 10 -0.482484 -0.123473 0
44.1 1 9.90493 13.5568 10 0.482484 0.123473 0
44.2 0 10.0468 6.43087 10 -0.482484 -0.123465 0
44.2 1 9.95318 13.5691 10 0.482484 0.123465 0
44.3 0 9.99857 6.41852 10 -0.482484 -0.123457 0
44.3 1 10.0014 13.5815 10 0.482484 0.123457 0
44.4 0 9.95032 6.40618 10 -0.482484 -0.12345 0
44.4 1 10.0497 13.5938 10 0.482484 0.12345 0
44.5 0 9.90207 6.39383 10 -0.482484 -0.123443 0
44.5 1 10.0979 13.6062 10 0.482484 0.123443 0
44.6 0 9.85383 6.38149 10 -0.482484 -0.123436 0
44.6 1 10.1462 13.6185 10 0.482484 0.123436 0
44.7 0 9.80558 6.36915 10 -0.482483 -0.123429 0
44.7 1 10.1944 13.6309 10 0.482483 0.123429 0
44.8 0 9.75733 6.3568 10 -0.482483 -0.123422 0
44.8 1 10.2427 13.6432 10 0.482483 0.123422 0
44.9 0 9.70908 6.34446 10 -0.482482 -0.123416 0
44.9 1 10.2909 13.6555 10 0.482482 0.123416 0
45 0 9.66083 6.33212 10 -0.482482 -0.12341 0
45 1 10.3392 13.6679 10 0.482482 0.12341 0
45.1 0 9.61258 6.31978 10 -0.482481 -0.123404 0
45.1 1 10.3874 13.6802 10 0.482481 0.123404 0
45.2 0 9.56434 6.30744 10 -0.482481 -0.123398 0
45.2 1 10.4357 13.6926 10 0.482481 0.123398 0
45.3 0 9.51609 6.2951 10 -0.48248 -0.123392 0
45.3 1 10.4839 13.7049 10 0.48248 0.123392 0
45.4 0 9.46784 6.28276 10 -0.482479 -0.123387 0
45.4 1 10.5322 13.7172 10 0.482479 0.123387 0
45.5 0 9.41959 6.27042 10 -0.482479 -0.123382 0
45.5 1 10.5804 13.7296 10 0.482479 0.123382 0
45.6 0 9.37134 6.25808 10 -0.482478 -0.123377 0
45.6 1 10.6287 13.7419 10 0.482478 0.123377 0
45.7 0 9.3231 6.24575 10 -0.482477 -0.123372 0
45.7 1 10.6769 13.7543 10 0.482477 0.123372 0
45.8 0 9.27485 6.23341 10 -0.482476 -0.123367 0
45.8 1 10.7252 13.7666 10 0.482476 0.123367 0
45.9 0 9.2266 6.22107 10 -0.482475 -0.123363 0
45.9 1 10.7734 13.7789 10 0.482475 0.123363 0
46 0 9.17835 6.20874 10 -0.482474 -0.123359 0
46 1 10.8216 13.7913 10 0.482474 0.123359 0
46.1 0 9.13011 6.1964 10 -0.482473 -0.123355 0
46.1 1 10.8699 13.8036 10 0.482473 0.123355 0
46.2 0 9.08186 6.18407 10 -0.482472 -0.123351 0
46.2 1 10.9181 13.8159 10 0.482472 0.123351 0
46.3 0 9.03361 6.17173 10 -0.482472 -0.123347 0
46.3 1 10.9664 13.8283 10 0.482472 0.123347 0
46.4 0 8.98536 6.1594 10 -0.482471 -0.123344 0
46.4 1 11.0146 13.8406 10 0.482471 0.123344 0
46.5 0 8.93712 6.14706 10 -0.48247 -0.12334 0
46.5 1 11.0629 13.8529 10 0.48247 0.12334 0
46.6 0 8.88887 6.13473 10 -0.482469 -0.123337 0
46.6 1 11.1111 13.8653 10 0.482469 0.123337 0
46.7 0 8.84062 6.12239 10 -0.482468 -0.123334 0
46.7 1 11.1594 13.8776 10 0.482468 0.123334 0
46.8 0 8.79238 6.11006 10 -0.482467 -0.123331 0
46.8 1 11.2076 13.8899 10 0.482467 0.123331 0
46.9 0 8.74413 6.09773 10 -0.482466 -0.123328 0
46.9 1 11.2559 13.9023 10 0.482466 0.123328 0
47 0 8.69588 6.0854 10 -0.482465 -0.123325 0
47 1 11.3041 13.9146 10 0.482465 0.123325 0
47.1 0 8.64764 6.07306 10 -0.482464 -0.123323 0
47.1 1 11.3524 13.9269 10 0.482464 0.123323 0
47.2 0 8.59939 6.06073 10 -0.482463 -0.12332 0
47.2 1 11.4006 13.9393 10 0.482463 0.12332 0
47.3 0 8.55115 6.0484 10 -0.482463 -0.123318 0
47.3 1 11.4489 13.9516 10 0.482463 0.123318 0
47.4 0 8.5029 6.03607 10 -0.482462 -0.123316 0
47.4 1 11.4971 13.9639 10 0.482462 0.123316 0
47.5 0 8.45465 6.02374 10 -0.482461 -0.123314 0
47.5 1 11.5453 13.9763 10 0.482461 0.123314 0
47.6 0 8.40641 6.0114 10 -0.48246 -0.123312 0
47.6 1 11.5936 13.9886 10 0.48246 0.123312 0
47.7 0 8.35816 5.99907 10 -0.482459 -0.12331 0
47.7 1 11.6418 14.0009 10 0.482459 0.12331 0
47.8 0 8.30991 5.98674 10 -0.482459 -0.123308 0
47.8 1 11.6901 14.0133 10 0.482459 0.123308 0
47.9 0 8.26167 5.97441 10 -0.482458 -0.123306 0
47.9 1 11.7383 14.0256 10 0.482458 0.123306 0
48 0 8.21342 5.96208 10 -0.482457 -0.123305 0
48 1 11.7866 14.0379 10 0.482457 0.123305 0
48.1 0 8.16518 5.94975 10 -0.482457 -0.123303 0
48.1 1 11.8348 14.0502 10 0.482457 0.123303 0
48.2 0 8.11693 5.93742 10 -0.482456 -0.123302 0
48.2 1 11.8831 14.0626 10 0.482456 0.123302 0
48.3 0 8.06869 5.92509 10 -0.482455 -0.1233 0
48.3 1 11.9313 14.0749 10 0.482455 0.1233 0
48.4 0 8.02044 5.91276 10 -0.482455 -0.123299 0
48.4 1 11.9796 14.0872 10 0.482455 0.123299 0
48.5 0 7.9722 5.90043 10 -0.482454 -0.123298 0
48.5 1 12.0278 14.0996 10 0.482454 0.123298 0
48.6 0 7.92395 5.8881 10 -0.482453 -0.123297 0
48.6 1 12.0761 14.1119 10 0.482453 0.123297 0
48.7 0 7.8757 5.87577 10 -0.482453 -0.123296 0
48.7 1 12.1243 14.1242 10 0.482453 0.123296 0
48.8 0 7.82746 5.86344 10 -0.482452 -0.123294 0
48.8 1 12.1725 14.1366 10 0.482452 0.123294 0
48.9 0 7.77921 5.85111 10 -0.482452 -0.123293 0
48.9 1 12.2208 14.1489 10 0.482452 0.123293 0
49 0 7.73097 5.83878 10 -0.482451 -0.123293 0
49 1 12.269 14.1612 10 0.482451 0.123293 0
49.1 0 7.68272 5.82645 10 -0.482451 -0.123292 0
49.1 1 12.3173 14.1735 10 0.482451 0.123292 0
49.2 0 7.63448 5.81413 10 -0.48245 -0.123291 0
49.2 1 12.3655 14.1859 10 0.48245 0.123291 0
49.3 0 7.58623 5.8018 10 -0.48245 -0.12329 0
49.3 1 12.4138 14.1982 10 0.48245 0.12329 0
49.4 0 7.53799 5.78947 10 -0.482449 -0.123289 0
49.4 1 12.462 14.2105 10 0.482449 0.123289 0
49.5 0 7.48974 5.77714 10 -0.482449 -0.123289 0
49.5 1 12.5103 14.2229 10 0.482449 0.123289 0
49.6 0 7.4415 5.76481 10 -0.482449 -0.123288 0
49.6 1 12.5585 14.2352 10 0.482449 0.123288 0
49.7 0 7.39325 5.75248 10 -0.482448 -0.123287 0
49.7 1 12.6067 14.2475 10 0.482448 0.123287 0
49.8 0 7.34501 5.74015 10 -0.482448 -0.123287 0
49.8 1 12.655 14.2598 10 0.482448 0.123287 0
49.9 0 7.29676 5.72782 10 -0.482447 -0.123286 0
49.9 1 12.7032 14.2722 10 0.482447 0.123286 0
50 0 7.24852 5.71549 10 -0.482447 -0.123285 0
50 1 12.7515 14.2845 10 0.482447 0.123285 0
